fare_id,price,currency_type,payment_method,transfers,agency_id
001,5.4,BRL,0,0,1
002,5.4,BRL,0,0,1
003,6.75,BRL,0,0,1
004,8.4,BRL,0,0,1
006,7.7,BRL,0,0,1
008,6.45,BRL,0,0,1
011,7.75,BRL,0,0,1
011PR1,7.75,BRL,0,0,1
012,6.3,BRL,0,0,1
014,6.45,BRL,0,0,1
016,7.35,BRL,0,0,1
020,6.45,BRL,0,0,1
022,6.45,BRL,0,0,1
023,6.45,BRL,0,0,1
024,6.45,BRL,0,0,1
025,6.65,BRL,0,0,1
027,5.9,BRL,0,0,1
027EX1,5.9,BRL,0,0,1
02Verde,0.0,BRL,0,0,1
030,6.0,BRL,0,0,1
030BI1,6.0,BRL,0,0,1
032,7.15,BRL,0,0,1
032DV1,7.15,BRL,0,0,1
033,6.95,BRL,0,0,1
034,4.85,BRL,0,0,1
035,8.4,BRL,0,0,1
036,9.65,BRL,0,0,1
036BI1,6.95,BRL,0,0,1
038,9.4,BRL,0,0,1
039,6.65,BRL,0,0,1
040,9.15,BRL,0,0,1
040EX1,7.7,BRL,0,0,1
041,4.55,BRL,0,0,1
042,8.75,BRL,0,0,1
042VP1,8.65,BRL,0,0,1
043,5.95,BRL,0,0,1
043BI1,5.95,BRL,0,0,1
047,5.9,BRL,0,0,1
049,6.7,BRL,0,0,1
050,7.05,BRL,0,0,1
051,5.9,BRL,0,0,1
052,7.05,BRL,0,0,1
053,7.05,BRL,0,0,1
053BI1,6.45,BRL,0,0,1
054,9.7,BRL,0,0,1
055,9.7,BRL,0,0,1
056,7.2,BRL,0,0,1
058,7.7,BRL,0,0,1
060,6.45,BRL,0,0,1
061,7.05,BRL,0,0,1
063,9.4,BRL,0,0,1
063EX1,9.4,BRL,0,0,1
064,7.7,BRL,0,0,1
068,6.4,BRL,0,0,1
069,4.55,BRL,0,0,1
073,6.4,BRL,0,0,1
075,6.65,BRL,0,0,1
077,8.4,BRL,0,0,1
078,6.4,BRL,0,0,1
079,6.4,BRL,0,0,1
080,7.05,BRL,0,0,1
082,9.95,BRL,0,0,1
082DV1,9.95,BRL,0,0,1
084,6.45,BRL,0,0,1
085,9.25,BRL,0,0,1
085VP1,7.85,BRL,0,0,1
086,7.7,BRL,0,0,1
086PR1,7.7,BRL,0,0,1
087,6.45,BRL,0,0,1
088,6.65,BRL,0,0,1
089,6.4,BRL,0,0,1
090,6.4,BRL,0,0,1
094,6.35,BRL,0,0,1
095,7.95,BRL,0,0,1
096,9.35,BRL,0,0,1
100,6.8,BRL,0,0,1
101,5.9,BRL,0,0,1
102,5.9,BRL,0,0,1
103,6.35,BRL,0,0,1
104,6.35,BRL,0,0,1
105,6.35,BRL,0,0,1
107,5.9,BRL,0,0,1
110,6.7,BRL,0,0,1
111,6.35,BRL,0,0,1
112,7.05,BRL,0,0,1
113,6.45,BRL,0,0,1
114,7.9,BRL,0,0,1
115,8.65,BRL,0,0,1
117,5.9,BRL,0,0,1
117EX1,5.9,BRL,0,0,1
120,7.8,BRL,0,0,1
120PR1,7.8,BRL,0,0,1
121,6.45,BRL,0,0,1
122,6.45,BRL,0,0,1
123,6.45,BRL,0,0,1
124,6.4,BRL,0,0,1
125,6.4,BRL,0,0,1
125BI1,6.4,BRL,0,0,1
128,6.4,BRL,0,0,1
130,7.7,BRL,0,0,1
134,6.45,BRL,0,0,1
137,9.35,BRL,0,0,1
138,8.0,BRL,0,0,1
139,7.25,BRL,0,0,1
140,5.9,BRL,0,0,1
141,10.55,BRL,0,0,1
145,6.65,BRL,0,0,1
147,7.7,BRL,0,0,1
148,5.9,BRL,0,0,1
149,5.9,BRL,0,0,1
151,5.9,BRL,0,0,1
152,8.4,BRL,0,0,1
152DV1,8.4,BRL,0,0,1
153,8.4,BRL,0,0,1
154,8.4,BRL,0,0,1
156,5.9,BRL,0,0,1
157,5.9,BRL,0,0,1
158,9.2,BRL,0,0,1
158BI1,7.7,BRL,0,0,1
160,9.2,BRL,0,0,1
160EX1,8.3,BRL,0,0,1
163,6.35,BRL,0,0,1
165,9.15,BRL,0,0,1
165EX1,8.4,BRL,0,0,1
166,9.6,BRL,0,0,1
166BI1,8.4,BRL,0,0,1
167,9.35,BRL,0,0,1
167PR1,9.35,BRL,0,0,1
170,5.9,BRL,0,0,1
171,5.9,BRL,0,0,1
173,6.45,BRL,0,0,1
175,7.75,BRL,0,0,1
177,6.45,BRL,0,0,1
178,6.4,BRL,0,0,1
178BI1,6.4,BRL,0,0,1
180,6.95,BRL,0,0,1
181,7.7,BRL,0,0,1
182,5.9,BRL,0,0,1
190,6.95,BRL,0,0,1
191,6.4,BRL,0,0,1
193,5.4,BRL,0,0,1
194,5.95,BRL,0,0,1
195,5.9,BRL,0,0,1
196,5.95,BRL,0,0,1
197,9.45,BRL,0,0,1
198,7.85,BRL,0,0,1
199,6.45,BRL,0,0,1
19CELESTE,0.0,BRL,0,0,1
200,25.75,BRL,0,0,1
201,25.5,BRL,0,0,1
202,8.1,BRL,0,0,1
203,6.45,BRL,0,0,1
204,7.7,BRL,0,0,1
206,30.3,BRL,0,0,1
208,6.65,BRL,0,0,1
211,7.7,BRL,0,0,1
213,8.25,BRL,0,0,1
214,20.1,BRL,0,0,1
215,8.3,BRL,0,0,1
216,4.85,BRL,0,0,1
217,9.15,BRL,0,0,1
218,9.15,BRL,0,0,1
218EX1,9.15,BRL,0,0,1
219,10.6,BRL,0,0,1
219BI1,9.75,BRL,0,0,1
223,6.45,BRL,0,0,1
226,6.3,BRL,0,0,1
227,9.35,BRL,0,0,1
228,7.15,BRL,0,0,1
229,6.45,BRL,0,0,1
230,7.7,BRL,0,0,1
231,7.7,BRL,0,0,1
231BI1,8.0,BRL,0,0,1
236,7.7,BRL,0,0,1
237,5.4,BRL,0,0,1
238,5.95,BRL,0,0,1
239,5.2,BRL,0,0,1
240,14.55,BRL,0,0,1
241,6.4,BRL,0,0,1
242,6.65,BRL,0,0,1
242BI1,8.65,BRL,0,0,1
244,6.45,BRL,0,0,1
244EX1,6.45,BRL,0,0,1
245,6.4,BRL,0,0,1
246,8.3,BRL,0,0,1
246EX1,6.45,BRL,0,0,1
247,7.7,BRL,0,0,1
247EX1,7.05,BRL,0,0,1
247EX2,7.6,BRL,0,0,1
248,8.4,BRL,0,0,1
249,6.7,BRL,0,0,1
250,6.75,BRL,0,0,1
252,8.4,BRL,0,0,1
253,6.7,BRL,0,0,1
254,5.95,BRL,0,0,1
254DV1,5.95,BRL,0,0,1
255,5.9,BRL,0,0,1
256,7.15,BRL,0,0,1
257,8.35,BRL,0,0,1
258,50.75,BRL,0,0,1
260,6.75,BRL,0,0,1
260EX1,6.75,BRL,0,0,1
261,9.7,BRL,0,0,1
262,6.45,BRL,0,0,1
263,6.45,BRL,0,0,1
264,7.7,BRL,0,0,1
264BI1,7.15,BRL,0,0,1
265,5.9,BRL,0,0,1
266,8.4,BRL,0,0,1
266DV1,8.5,BRL,0,0,1
269,6.65,BRL,0,0,1
273,7.9,BRL,0,0,1
277,10.55,BRL,0,0,1
279,5.9,BRL,0,0,1
280,14.2,BRL,0,0,1
280BI1,14.2,BRL,0,0,1
281,7.75,BRL,0,0,1
283,6.45,BRL,0,0,1
283VP1,6.45,BRL,0,0,1
284,6.35,BRL,0,0,1
285,6.35,BRL,0,0,1
286,6.35,BRL,0,0,1
287,6.35,BRL,0,0,1
287E,0.0,BRL,0,0,1
287PIR,6.35,BRL,0,0,1
287UBUS,9.25,BRL,0,0,1
288,6.35,BRL,0,0,1
288PIR,6.35,BRL,0,0,1
289,6.35,BRL,0,0,1
290,6.35,BRL,0,0,1
291,8.1,BRL,0,0,1
291BI1,8.1,BRL,0,0,1
292,9.35,BRL,0,0,1
292DV1,9.35,BRL,0,0,1
293,5.95,BRL,0,0,1
297,9.65,BRL,0,0,1
300,6.4,BRL,0,0,1
303,6.45,BRL,0,0,1
305,5.9,BRL,0,0,1
307,6.45,BRL,0,0,1
307BI1,6.45,BRL,0,0,1
309,9.25,BRL,0,0,1
310,9.15,BRL,0,0,1
311,9.8,BRL,0,0,1
311DV1,9.8,BRL,0,0,1
312,6.5,BRL,0,0,1
313,9.4,BRL,0,0,1
314,8.4,BRL,0,0,1
315,5.95,BRL,0,0,1
316,50.75,BRL,0,0,1
317,4.5,BRL,0,0,1
319,6.75,BRL,0,0,1
321,6.7,BRL,0,0,1
322,7.7,BRL,0,0,1
323,5.9,BRL,0,0,1
324,6.7,BRL,0,0,1
324BI1,6.7,BRL,0,0,1
327,6.65,BRL,0,0,1
329,8.1,BRL,0,0,1
331,7.85,BRL,0,0,1
332,5.55,BRL,0,0,1
332EX1,5.55,BRL,0,0,1
334,5.95,BRL,0,0,1
335,6.65,BRL,0,0,1
336,5.9,BRL,0,0,1
337,7.9,BRL,0,0,1
339,5.4,BRL,0,0,1
340,5.4,BRL,0,0,1
341,9.35,BRL,0,0,1
342,9.35,BRL,0,0,1
342DV1,9.35,BRL,0,0,1
343,6.4,BRL,0,0,1
345,7.05,BRL,0,0,1
346,7.8,BRL,0,0,1
347,5.85,BRL,0,0,1
348,6.55,BRL,0,0,1
349,6.35,BRL,0,0,1
350,8.75,BRL,0,0,1
351,6.95,BRL,0,0,1
351BI1,6.95,BRL,0,0,1
351PR1,6.95,BRL,0,0,1
352,9.75,BRL,0,0,1
353,6.35,BRL,0,0,1
354,9.35,BRL,0,0,1
358,5.9,BRL,0,0,1
359,7.05,BRL,0,0,1
360,6.45,BRL,0,0,1
361,9.8,BRL,0,0,1
361EX1,6.95,BRL,0,0,1
362,7.75,BRL,0,0,1
363,6.35,BRL,0,0,1
366,5.95,BRL,0,0,1
367,6.0,BRL,0,0,1
372,6.0,BRL,0,0,1
374,4.55,BRL,0,0,1
375,14.55,BRL,0,0,1
376,6.35,BRL,0,0,1
377,6.65,BRL,0,0,1
378,14.8,BRL,0,0,1
379,20.15,BRL,0,0,1
380,4.55,BRL,0,0,1
381,6.45,BRL,0,0,1
382,7.7,BRL,0,0,1
382EX1,8.3,BRL,0,0,1
384,9.35,BRL,0,0,1
386,9.4,BRL,0,0,1
390,6.75,BRL,0,0,1
392,7.15,BRL,0,0,1
394,7.9,BRL,0,0,1
396,8.25,BRL,0,0,1
399,8.0,BRL,0,0,1
402,4.55,BRL,0,0,1
403,7.7,BRL,0,0,1
404,6.45,BRL,0,0,1
404EX1,6.45,BRL,0,0,1
404EX2,6.45,BRL,0,0,1
405,6.65,BRL,0,0,1
408,9.35,BRL,0,0,1
409,5.95,BRL,0,0,1
409BI1,5.95,BRL,0,0,1
411,9.25,BRL,0,0,1
415,6.25,BRL,0,0,1
416,7.9,BRL,0,0,1
417,6.45,BRL,0,0,1
418,8.1,BRL,0,0,1
419,8.75,BRL,0,0,1
421,6.45,BRL,0,0,1
422,8.9,BRL,0,0,1
424,5.9,BRL,0,0,1
426,8.75,BRL,0,0,1
427,13.85,BRL,0,0,1
428,6.45,BRL,0,0,1
429,6.45,BRL,0,0,1
430,6.45,BRL,0,0,1
431,8.4,BRL,0,0,1
432,5.9,BRL,0,0,1
436,5.95,BRL,0,0,1
438,9.45,BRL,0,0,1
439,8.3,BRL,0,0,1
439VP1,6.45,BRL,0,0,1
442,7.85,BRL,0,0,1
443,6.7,BRL,0,0,1
446,5.9,BRL,0,0,1
448,6.7,BRL,0,0,1
449,6.7,BRL,0,0,1
450,6.7,BRL,0,0,1
451,5.4,BRL,0,0,1
454,6.5,BRL,0,0,1
455,6.7,BRL,0,0,1
459,7.65,BRL,0,0,1
461,6.35,BRL,0,0,1
462,9.15,BRL,0,0,1
462BI1,9.15,BRL,0,0,1
463,6.7,BRL,0,0,1
466,6.7,BRL,0,0,1
466EX1,6.7,BRL,0,0,1
466EX2,6.7,BRL,0,0,1
467,9.9,BRL,0,0,1
468,8.2,BRL,0,0,1
468BI1,8.2,BRL,0,0,1
468EX1,8.2,BRL,0,0,1
468EX2,8.1,BRL,0,0,1
468EX3,8.2,BRL,0,0,1
469,6.7,BRL,0,0,1
472,46.55,BRL,0,0,1
472EX1,43.45,BRL,0,0,1
473,9.35,BRL,0,0,1
478,7.75,BRL,0,0,1
479,6.45,BRL,0,0,1
480,6.65,BRL,0,0,1
481,7.9,BRL,0,0,1
484,5.4,BRL,0,0,1
488,8.1,BRL,0,0,1
489,7.7,BRL,0,0,1
490,6.4,BRL,0,0,1
492,6.75,BRL,0,0,1
493,7.1,BRL,0,0,1
493DV1,7.1,BRL,0,0,1
494,6.45,BRL,0,0,1
496,6.7,BRL,0,0,1
496EX1,6.7,BRL,0,0,1
497,8.15,BRL,0,0,1
497VP1,6.7,BRL,0,0,1
498,6.7,BRL,0,0,1
499,6.7,BRL,0,0,1
500,6.35,BRL,0,0,1
501,9.35,BRL,0,0,1
503,6.95,BRL,0,0,1
506,6.95,BRL,0,0,1
507,6.95,BRL,0,0,1
508,6.95,BRL,0,0,1
509,6.15,BRL,0,0,1
510,6.4,BRL,0,0,1
5104,7.95,BRL,0,0,1
5105,9.65,BRL,0,0,1
5106,9.0,BRL,0,0,1
5107,7.1,BRL,0,0,1
5109,12.35,BRL,0,0,1
511,7.15,BRL,0,0,1
5110,8.15,BRL,0,0,1
5111,6.25,BRL,0,0,1
5113,6.1,BRL,0,0,1
5113PR1,6.1,BRL,0,0,1
5114,6.3,BRL,0,0,1
5116,6.8,BRL,0,0,1
5117,6.35,BRL,0,0,1
5118,6.3,BRL,0,0,1
512,9.35,BRL,0,0,1
513,5.4,BRL,0,0,1
517,8.55,BRL,0,0,1
518,8.1,BRL,0,0,1
520,9.35,BRL,0,0,1
5201,6.45,BRL,0,0,1
5202,7.1,BRL,0,0,1
5203,5.2,BRL,0,0,1
5204,15.0,BRL,0,0,1
5205,12.0,BRL,0,0,1
5206,5.6,BRL,0,0,1
5207,15.8,BRL,0,0,1
5207DV1,15.8,BRL,0,0,1
5208,19.3,BRL,0,0,1
5209,21.0,BRL,0,0,1
5209DV1,21.0,BRL,0,0,1
521,9.35,BRL,0,0,1
5211,5.55,BRL,0,0,1
5211EX1,5.55,BRL,0,0,1
5211PR1TESTE,0.0,BRL,0,0,1
5212,19.55,BRL,0,0,1
5214,26.4,BRL,0,0,1
5216,17.4,BRL,0,0,1
5217,24.85,BRL,0,0,1
5219,17.7,BRL,0,0,1
5220,5.2,BRL,0,0,1
524,8.9,BRL,0,0,1
525,9.35,BRL,0,0,1
526,6.8,BRL,0,0,1
528,6.45,BRL,0,0,1
528EX1,6.45,BRL,0,0,1
529,9.6,BRL,0,0,1
530,9.6,BRL,0,0,1
5301,21.0,BRL,0,0,1
5303,6.45,BRL,0,0,1
5304,6.55,BRL,0,0,1
5304PR1,6.55,BRL,0,0,1
5304PR2,6.55,BRL,0,0,1
5305,44.65,BRL,0,0,1
5306,26.9,BRL,0,0,1
5307,10.05,BRL,0,0,1
5308,4.55,BRL,0,0,1
5309,6.25,BRL,0,0,1
531,5.4,BRL,0,0,1
5310,6.25,BRL,0,0,1
5311,15.85,BRL,0,0,1
5311EX1,15.85,BRL,0,0,1
5312,5.8,BRL,0,0,1
5313,5.8,BRL,0,0,1
5313DV1,5.8,BRL,0,0,1
5316,4.55,BRL,0,0,1
5317,5.35,BRL,0,0,1
5318,5.5,BRL,0,0,1
5319,19.2,BRL,0,0,1
532,7.25,BRL,0,0,1
533,6.7,BRL,0,0,1
534,6.7,BRL,0,0,1
536,4.85,BRL,0,0,1
537,8.65,BRL,0,0,1
538,8.0,BRL,0,0,1
5401,55.85,BRL,0,0,1
5402,57.2,BRL,0,0,1
5403,15.55,BRL,0,0,1
5403EX1,28.3,BRL,0,0,1
5404,10.05,BRL,0,0,1
5405,6.45,BRL,0,0,1
5406,55.85,BRL,0,0,1
5407,13.65,BRL,0,0,1
5407VP2,6.45,BRL,0,0,1
541,6.75,BRL,0,0,1
542,6.7,BRL,0,0,1
549,6.65,BRL,0,0,1
550,7.6,BRL,0,0,1
5501,73.35,BRL,0,0,1
5503,53.0,BRL,0,0,1
5504,43.4,BRL,0,0,1
5505,7.35,BRL,0,0,1
5506,12.8,BRL,0,0,1
5506DV1,12.8,BRL,0,0,1
5508,65.85,BRL,0,0,1
5509,10.05,BRL,0,0,1
551,5.4,BRL,0,0,1
5511,46.85,BRL,0,0,1
551BI1,5.4,BRL,0,0,1
552,8.4,BRL,0,0,1
555,7.75,BRL,0,0,1
557,7.7,BRL,0,0,1
558,5.4,BRL,0,0,1
559,6.7,BRL,0,0,1
563,5.4,BRL,0,0,1
564,8.55,BRL,0,0,1
565,9.9,BRL,0,0,1
566,14.55,BRL,0,0,1
568,9.6,BRL,0,0,1
572,6.45,BRL,0,0,1
573,6.7,BRL,0,0,1
578,6.7,BRL,0,0,1
579,6.45,BRL,0,0,1
580,9.35,BRL,0,0,1
581,6.45,BRL,0,0,1
582,5.1,BRL,0,0,1
584,7.55,BRL,0,0,1
585,7.75,BRL,0,0,1
587,6.4,BRL,0,0,1
588,9.35,BRL,0,0,1
589,6.65,BRL,0,0,1
591,6.7,BRL,0,0,1
591DV1,6.7,BRL,0,0,1
596,6.35,BRL,0,0,1
598,8.65,BRL,0,0,1
600,8.05,BRL,0,0,1
601,8.05,BRL,0,0,1
604,6.55,BRL,0,0,1
604DV1,6.55,BRL,0,0,1
604EX1,6.5,BRL,0,0,1
606,8.9,BRL,0,0,1
606DV1,8.9,BRL,0,0,1
606EX1,8.9,BRL,0,0,1
607,8.25,BRL,0,0,1
608,7.25,BRL,0,0,1
609,7.4,BRL,0,0,1
6101,10.35,BRL,0,0,1
6105,23.5,BRL,0,0,1
6106,5.8,BRL,0,0,1
6108,22.45,BRL,0,0,1
6108EX1,33.4,BRL,0,0,1
6108EX2,33.4,BRL,0,0,1
6108EX3,29.8,BRL,0,0,1
6108EX4,13.25,BRL,0,0,1
6109,7.2,BRL,0,0,1
6110,22.45,BRL,0,0,1
6113,23.8,BRL,0,0,1
6114,23.75,BRL,0,0,1
6115,16.0,BRL,0,0,1
6115EX1,16.0,BRL,0,0,1
6116,8.0,BRL,0,0,1
6118,5.1,BRL,0,0,1
6119,5.1,BRL,0,0,1
612,9.4,BRL,0,0,1
6120,5.1,BRL,0,0,1
612DV1,9.4,BRL,0,0,1
614,15.7,BRL,0,0,1
615,14.0,BRL,0,0,1
616,11.85,BRL,0,0,1
617,6.5,BRL,0,0,1
617PR1,6.5,BRL,0,0,1
618,11.85,BRL,0,0,1
619,5.85,BRL,0,0,1
620,5.85,BRL,0,0,1
6201,9.25,BRL,0,0,1
6206,5.4,BRL,0,0,1
6207,5.4,BRL,0,0,1
6207VP1,5.4,BRL,0,0,1
6208,10.9,BRL,0,0,1
6209,8.4,BRL,0,0,1
621,5.95,BRL,0,0,1
6213,8.2,BRL,0,0,1
6213EX1,7.5,BRL,0,0,1
6214,5.4,BRL,0,0,1
6215,5.4,BRL,0,0,1
6218,5.55,BRL,0,0,1
6219,6.0,BRL,0,0,1
6219DV1,6.0,BRL,0,0,1
622,5.95,BRL,0,0,1
6220,6.0,BRL,0,0,1
6220EX1,6.0,BRL,0,0,1
6222,6.75,BRL,0,0,1
6222BI1,6.75,BRL,0,0,1
6222BI2,6.75,BRL,0,0,1
6223,6.85,BRL,0,0,1
6224,7.3,BRL,0,0,1
6224EX1,10.25,BRL,0,0,1
6224VP1,7.3,BRL,0,0,1
6225,6.25,BRL,0,0,1
6226,6.25,BRL,0,0,1
623,5.85,BRL,0,0,1
624,5.85,BRL,0,0,1
624DV1,5.85,BRL,0,0,1
625,5.85,BRL,0,0,1
626,5.85,BRL,0,0,1
627,5.95,BRL,0,0,1
628,5.95,BRL,0,0,1
629,5.85,BRL,0,0,1
630,5.85,BRL,0,0,1
6302,7.2,BRL,0,0,1
6305,5.55,BRL,0,0,1
6306,10.35,BRL,0,0,1
6308,5.55,BRL,0,0,1
631,5.95,BRL,0,0,1
6311,5.55,BRL,0,0,1
6311EX1,5.55,BRL,0,0,1
6312,5.55,BRL,0,0,1
6315,7.15,BRL,0,0,1
6315VP1,7.15,BRL,0,0,1
6316,7.15,BRL,0,0,1
6316EX1,7.15,BRL,0,0,1
6316EX2,7.15,BRL,0,0,1
6317,7.15,BRL,0,0,1
632,5.85,BRL,0,0,1
6320,8.0,BRL,0,0,1
6320BI1,8.0,BRL,0,0,1
6321,8.0,BRL,0,0,1
6322,4.85,BRL,0,0,1
6322EX1,4.85,BRL,0,0,1
6323,6.0,BRL,0,0,1
6324,6.0,BRL,0,0,1
6325,8.2,BRL,0,0,1
6326,8.2,BRL,0,0,1
6327,4.85,BRL,0,0,1
6328,4.85,BRL,0,0,1
633,22.7,BRL,0,0,1
6330,5.8,BRL,0,0,1
6333,32.75,BRL,0,0,1
6334,32.75,BRL,0,0,1
6335,9.25,BRL,0,0,1
6338,6.9,BRL,0,0,1
6338EX1,6.9,BRL,0,0,1
6339,10.0,BRL,0,0,1
633VP1,15.3,BRL,0,0,1
634,6.15,BRL,0,0,1
6340,10.95,BRL,0,0,1
635,15.9,BRL,0,0,1
636,6.7,BRL,0,0,1
636EX1,6.7,BRL,0,0,1
636PR1,6.7,BRL,0,0,1
636PR2,6.7,BRL,0,0,1
637,6.7,BRL,0,0,1
638,6.7,BRL,0,0,1
639,6.15,BRL,0,0,1
640,6.15,BRL,0,0,1
642,15.9,BRL,0,0,1
644,6.15,BRL,0,0,1
647,6.15,BRL,0,0,1
649,6.7,BRL,0,0,1
651,6.7,BRL,0,0,1
652,7.1,BRL,0,0,1
652EX1,7.35,BRL,0,0,1
652EX2,7.35,BRL,0,0,1
653,7.35,BRL,0,0,1
654,7.4,BRL,0,0,1
654BI1,7.35,BRL,0,0,1
655,7.35,BRL,0,0,1
655PR1,7.4,BRL,0,0,1
657,6.7,BRL,0,0,1
658,6.7,BRL,0,0,1
659,6.7,BRL,0,0,1
660,6.7,BRL,0,0,1
661,6.7,BRL,0,0,1
662,6.7,BRL,0,0,1
663,6.7,BRL,0,0,1
664,6.7,BRL,0,0,1
666,6.7,BRL,0,0,1
668,6.5,BRL,0,0,1
673,5.9,BRL,0,0,1
673EX1,5.9,BRL,0,0,1
673EX2,5.9,BRL,0,0,1
674,6.5,BRL,0,0,1
675,6.5,BRL,0,0,1
676,6.15,BRL,0,0,1
677,6.0,BRL,0,0,1
678,6.5,BRL,0,0,1
679,6.5,BRL,0,0,1
680,6.5,BRL,0,0,1
680VP1,6.5,BRL,0,0,1
683,6.15,BRL,0,0,1
685,6.5,BRL,0,0,1
686,6.5,BRL,0,0,1
687,6.5,BRL,0,0,1
687EX1,6.5,BRL,0,0,1
687EX2,6.5,BRL,0,0,1
688,6.5,BRL,0,0,1
693,8.65,BRL,0,0,1
694,6.5,BRL,0,0,1
695,6.5,BRL,0,0,1
696,6.5,BRL,0,0,1
697,6.5,BRL,0,0,1
698,6.5,BRL,0,0,1
699,6.5,BRL,0,0,1
700,6.5,BRL,0,0,1
701,6.5,BRL,0,0,1
702,6.5,BRL,0,0,1
703,6.5,BRL,0,0,1
704,6.5,BRL,0,0,1
705,6.5,BRL,0,0,1
706,6.5,BRL,0,0,1
707,6.5,BRL,0,0,1
708,6.7,BRL,0,0,1
708BI1,6.5,BRL,0,0,1
708BI2,6.7,BRL,0,0,1
709,6.7,BRL,0,0,1
709EX1,6.7,BRL,0,0,1
714,9.4,BRL,0,0,1
715,9.4,BRL,0,0,1
719,6.5,BRL,0,0,1
724,6.75,BRL,0,0,1
727,6.75,BRL,0,0,1
727EX1,6.75,BRL,0,0,1
734,10.05,BRL,0,0,1
736,6.5,BRL,0,0,1
736EX1,6.5,BRL,0,0,1
736VP1,6.5,BRL,0,0,1
737,6.5,BRL,0,0,1
739,6.7,BRL,0,0,1
740,7.35,BRL,0,0,1
741,6.5,BRL,0,0,1
742,6.5,BRL,0,0,1
745,6.5,BRL,0,0,1
746,7.1,BRL,0,0,1
749,6.15,BRL,0,0,1
750,6.15,BRL,0,0,1
758,6.7,BRL,0,0,1
802,7.25,BRL,0,0,1
806,4.85,BRL,0,0,1
807,9.6,BRL,0,0,1
808,6.0,BRL,0,0,1
809,6.45,BRL,0,0,1
810,6.7,BRL,0,0,1
811,4.85,BRL,0,0,1
814,6.45,BRL,0,0,1
815,7.7,BRL,0,0,1
816,9.6,BRL,0,0,1
818,14.8,BRL,0,0,1
819,12.65,BRL,0,0,1
819EX1,8.8,BRL,0,0,1
820,10.6,BRL,0,0,1
821,8.1,BRL,0,0,1
822,8.0,BRL,0,0,1
823,6.45,BRL,0,0,1
824,6.8,BRL,0,0,1
824EX1,6.8,BRL,0,0,1
825,7.75,BRL,0,0,1
826,7.75,BRL,0,0,1
827,14.8,BRL,0,0,1
831,7.05,BRL,0,0,1
833,8.15,BRL,0,0,1
834,6.4,BRL,0,0,1
835,7.7,BRL,0,0,1
836,5.1,BRL,0,0,1
838,15.55,BRL,0,0,1
838EX1,9.45,BRL,0,0,1
840,7.7,BRL,0,0,1
841,6.4,BRL,0,0,1
842,8.9,BRL,0,0,1
844,5.4,BRL,0,0,1
845,6.4,BRL,0,0,1
848,6.65,BRL,0,0,1
849,6.35,BRL,0,0,1
850,7.7,BRL,0,0,1
850EX1,7.7,BRL,0,0,1
852,8.1,BRL,0,0,1
855,5.9,BRL,0,0,1
860,8.1,BRL,0,0,1
870,8.75,BRL,0,0,1
870EX1,7.05,BRL,0,0,1
9002 DER 1980-A,0.01,BRL,0,0,1
9002 DER 1980-B,0.01,BRL,0,0,1
902,6.0,BRL,0,0,1
903,6.0,BRL,0,0,1
905,14.95,BRL,0,0,1
906,6.0,BRL,0,0,1
907,6.0,BRL,0,0,1
909,10.9,BRL,0,0,1
910,35.8,BRL,0,0,1
911,6.8,BRL,0,0,1
912,6.8,BRL,0,0,1
913,7.25,BRL,0,0,1
914,6.45,BRL,0,0,1
915,7.1,BRL,0,0,1
917,6.0,BRL,0,0,1
918,6.0,BRL,0,0,1
919,6.0,BRL,0,0,1
921,24.1,BRL,0,0,1
921VP1,17.6,BRL,0,0,1
925,6.0,BRL,0,0,1
927,6.8,BRL,0,0,1
928,5.3,BRL,0,0,1
929,16.4,BRL,0,0,1
930,13.25,BRL,0,0,1
931,6.8,BRL,0,0,1
932,6.8,BRL,0,0,1
933,6.45,BRL,0,0,1
933BI1,6.45,BRL,0,0,1
933DV1,6.45,BRL,0,0,1
934,6.0,BRL,0,0,1
934EX1,6.0,BRL,0,0,1
936,6.8,BRL,0,0,1
937,5.3,BRL,0,0,1
938,6.8,BRL,0,0,1
939,6.0,BRL,0,0,1
939DV1,6.0,BRL,0,0,1
940,6.8,BRL,0,0,1
941,6.8,BRL,0,0,1
942,6.0,BRL,0,0,1
943,6.0,BRL,0,0,1
944,6.0,BRL,0,0,1
945,6.8,BRL,0,0,1
947,6.0,BRL,0,0,1
948,6.0,BRL,0,0,1
949,6.5,BRL,0,0,1
949DV1,6.5,BRL,0,0,1
950,6.35,BRL,0,0,1
951,5.3,BRL,0,0,1
952,7.1,BRL,0,0,1
953,5.6,BRL,0,0,1
953EX1,5.6,BRL,0,0,1
954,6.0,BRL,0,0,1
955,12.75,BRL,0,0,1
956,6.0,BRL,0,0,1
957,6.0,BRL,0,0,1
958,6.0,BRL,0,0,1
959,6.0,BRL,0,0,1
961,5.55,BRL,0,0,1
962,6.0,BRL,0,0,1
963,6.0,BRL,0,0,1
964,6.0,BRL,0,0,1
965,6.0,BRL,0,0,1
968,6.0,BRL,0,0,1
969,6.0,BRL,0,0,1
970,6.8,BRL,0,0,1
9999,0.01,BRL,0,0,1
