fare_id,route_id
001,001
002,002
003,003
004,004
006,006
008,008
011,011
011PR1,011PR1
012,012
014,014
016,016
020,020
022,022
023,023
024,024
025,025
027,027
027EX1,027EX1
030,030
030BI1,030BI1
032,032
032DV1,032DV1
033,033
034,034
035,035
036,036
036BI1,036BI1
038,038
039,039
040,040
040EX1,040EX1
041,041
042,042
042VP1,042VP1
043,043
043BI1,043BI1
047,047
049,049
050,050
051,051
052,052
053,053
053BI1,053BI1
054,054
055,055
056,056
058,058
060,060
061,061
063,063
063EX1,063EX1
064,064
068,068
069,069
073,073
075,075
077,077
078,078
079,079
080,080
082,082
082DV1,082DV1
084,084
085,085
085VP1,085VP1
086,086
086PR1,086PR1
087,087
088,088
089,089
090,090
094,094
095,095
096,096
100,100
101,101
102,102
103,103
104,104
105,105
107,107
110,110
111,111
112,112
113,113
114,114
115,115
117,117
117EX1,117EX1
120,120
120PR1,120PR1
121,121
122,122
123,123
124,124
125,125
125BI1,125BI1
128,128
130,130
134,134
137,137
138,138
139,139
140,140
141,141
145,145
147,147
148,148
149,149
151,151
152,152
152DV1,152DV1
153,153
154,154
156,156
157,157
158,158
158BI1,158BI1
160,160
160EX1,160EX1
163,163
165,165
165EX1,165EX1
166,166
166BI1,166BI1
167,167
167PR1,167PR1
170,170
171,171
173,173
175,175
177,177
178,178
178BI1,178BI1
180,180
181,181
182,182
190,190
191,191
193,193
194,194
195,195
196,196
197,197
198,198
199,199
200,200
201,201
202,202
203,203
204,204
206,206
208,208
211,211
213,213
214,214
215,215
216,216
217,217
218,218
218EX1,218EX1
219,219
219BI1,219BI1
223,223
226,226
227,227
228,228
229,229
230,230
231,231
231BI1,231BI1
236,236
237,237
238,238
239,239
240,240
241,241
242,242
242BI1,242BI1
244,244
244EX1,244EX1
245,245
246,246
246EX1,246EX1
247,247
247EX1,247EX1
247EX2,247EX2
248,248
249,249
250,250
252,252
253,253
254,254
254DV1,254DV1
255,255
256,256
257,257
258,258
260,260
260EX1,260EX1
261,261
262,262
263,263
264,264
264BI1,264BI1
265,265
266,266
266DV1,266DV1
269,269
273,273
277,277
279,279
280,280
280BI1,280BI1
281,281
283,283
283VP1,283VP1
284,284
285,285
286,286
287,287
287E,287E
287PIR,287PIR
287UBUS,287UBUS
288,288
288PIR,288PIR
289,289
290,290
291,291
291BI1,291BI1
292,292
292DV1,292DV1
293,293
297,297
300,300
303,303
305,305
307,307
307BI1,307BI1
309,309
310,310
311,311
311DV1,311DV1
312,312
313,313
314,314
315,315
316,316
317,317
319,319
321,321
322,322
323,323
324,324
324BI1,324BI1
327,327
329,329
331,331
332,332
332EX1,332EX1
334,334
335,335
336,336
337,337
339,339
340,340
341,341
342,342
342DV1,342DV1
343,343
345,345
346,346
347,347
348,348
349,349
350,350
351,351
351BI1,351BI1
351PR1,351PR1
352,352
353,353
354,354
358,358
359,359
360,360
361,361
361EX1,361EX1
362,362
363,363
366,366
367,367
372,372
374,374
375,375
376,376
377,377
378,378
379,379
380,380
381,381
382,382
382EX1,382EX1
384,384
386,386
390,390
392,392
394,394
396,396
399,399
402,402
403,403
404,404
404EX1,404EX1
404EX2,404EX2
405,405
408,408
409,409
409BI1,409BI1
411,411
415,415
416,416
417,417
418,418
419,419
421,421
422,422
424,424
426,426
427,427
428,428
429,429
430,430
431,431
432,432
436,436
438,438
439,439
439VP1,439VP1
442,442
443,443
446,446
448,448
449,449
450,450
451,451
454,454
455,455
459,459
461,461
462,462
462BI1,462BI1
463,463
466,466
466EX1,466EX1
466EX2,466EX2
467,467
468,468
468BI1,468BI1
468EX1,468EX1
468EX2,468EX2
468EX3,468EX3
469,469
472,472
472EX1,472EX1
473,473
478,478
479,479
480,480
481,481
484,484
488,488
489,489
490,490
492,492
493,493
493DV1,493DV1
494,494
496,496
496EX1,496EX1
497,497
497VP1,497VP1
498,498
499,499
500,500
501,501
503,503
506,506
507,507
508,508
509,509
510,510
5104,5104
5105,5105
5106,5106
5107,5107
5109,5109
511,511
5110,5110
5111,5111
5113,5113
5113PR1,5113PR1
5114,5114
5116,5116
5117,5117
5118,5118
512,512
513,513
517,517
518,518
520,520
5201,5201
5202,5202
5203,5203
5204,5204
5205,5205
5206,5206
5207,5207
5207DV1,5207DV1
5208,5208
5209,5209
5209DV1,5209DV1
521,521
5211,5211
5211EX1,5211EX1
5212,5212
5214,5214
5216,5216
5217,5217
5219,5219
5220,5220
524,524
525,525
526,526
528,528
528EX1,528EX1
529,529
530,530
5301,5301
5303,5303
5304,5304
5304PR1,5304PR1
5304PR2,5304PR2
5305,5305
5306,5306
5307,5307
5308,5308
5309,5309
531,531
5310,5310
5311,5311
5311EX1,5311EX1
5312,5312
5313,5313
5313DV1,5313DV1
5316,5316
5317,5317
5318,5318
5319,5319
532,532
533,533
534,534
536,536
537,537
538,538
5401,5401
5402,5402
5403,5403
5403EX1,5403EX1
5404,5404
5405,5405
5406,5406
5407,5407
5407VP2,5407VP2
541,541
542,542
549,549
550,550
5501,5501
5503,5503
5504,5504
5505,5505
5506,5506
5506DV1,5506DV1
5508,5508
5509,5509
551,551
5511,5511
551BI1,551BI1
552,552
555,555
557,557
558,558
559,559
563,563
564,564
565,565
566,566
568,568
572,572
573,573
578,578
579,579
580,580
581,581
582,582
584,584
585,585
587,587
588,588
589,589
591,591
591DV1,591DV1
596,596
598,598
600,600
601,601
604,604
604DV1,604DV1
604EX1,604EX1
606,606
606DV1,606DV1
606EX1,606EX1
607,607
608,608
609,609
6101,6101
6105,6105
6106,6106
6108,6108
6108EX1,6108EX1
6108EX2,6108EX2
6108EX3,6108EX3
6108EX4,6108EX4
6109,6109
6110,6110
6113,6113
6114,6114
6115,6115
6115EX1,6115EX1
6116,6116
6118,6118
6119,6119
612,612
6120,6120
612DV1,612DV1
614,614
615,615
616,616
617,617
617PR1,617PR1
618,618
619,619
620,620
6201,6201
6206,6206
6207,6207
6207VP1,6207VP1
6208,6208
6209,6209
621,621
6213,6213
6213EX1,6213EX1
6214,6214
6215,6215
6218,6218
6219,6219
6219DV1,6219DV1
622,622
6220,6220
6220EX1,6220EX1
6222,6222
6222BI1,6222BI1
6222BI2,6222BI2
6223,6223
6224,6224
6224EX1,6224EX1
6224VP1,6224VP1
6225,6225
6226,6226
623,623
624,624
624DV1,624DV1
625,625
626,626
627,627
628,628
629,629
630,630
6302,6302
6305,6305
6306,6306
6308,6308
631,631
6311,6311
6311EX1,6311EX1
6312,6312
6315,6315
6315VP1,6315VP1
6316,6316
6316EX1,6316EX1
6316EX2,6316EX2
6317,6317
632,632
6320,6320
6320BI1,6320BI1
6321,6321
6322,6322
6322EX1,6322EX1
6323,6323
6324,6324
6325,6325
6326,6326
6327,6327
6328,6328
633,633
6330,6330
6333,6333
6334,6334
6335,6335
6338,6338
6338EX1,6338EX1
6339,6339
633VP1,633VP1
634,634
6340,6340
635,635
636,636
636EX1,636EX1
636PR1,636PR1
636PR2,636PR2
637,637
638,638
639,639
640,640
642,642
644,644
647,647
649,649
651,651
652,652
652EX1,652EX1
652EX2,652EX2
653,653
654,654
654BI1,654BI1
655,655
655PR1,655PR1
657,657
658,658
659,659
660,660
661,661
662,662
663,663
664,664
666,666
668,668
673,673
673EX1,673EX1
673EX2,673EX2
674,674
675,675
676,676
677,677
678,678
679,679
680,680
680VP1,680VP1
683,683
685,685
686,686
687,687
687EX1,687EX1
687EX2,687EX2
688,688
693,693
694,694
695,695
696,696
697,697
698,698
699,699
700,700
701,701
702,702
703,703
704,704
705,705
706,706
707,707
708,708
708BI1,708BI1
708BI2,708BI2
709,709
709EX1,709EX1
714,714
715,715
719,719
724,724
727,727
727EX1,727EX1
734,734
736,736
736EX1,736EX1
736VP1,736VP1
737,737
739,739
740,740
741,741
742,742
745,745
746,746
749,749
750,750
758,758
802,802
806,806
807,807
808,808
809,809
810,810
811,811
814,814
815,815
816,816
818,818
819,819
819EX1,819EX1
820,820
821,821
822,822
823,823
824,824
824EX1,824EX1
825,825
826,826
827,827
831,831
833,833
834,834
835,835
836,836
838,838
838EX1,838EX1
840,840
841,841
842,842
844,844
845,845
848,848
849,849
850,850
850EX1,850EX1
852,852
855,855
860,860
870,870
870EX1,870EX1
9002 DER 1980-A,9002 DER 1980-A
9002 DER 1980-B,9002 DER 1980-B
902,902
903,903
905,905
906,906
907,907
909,909
910,910
911,911
912,912
913,913
914,914
915,915
917,917
918,918
919,919
921,921
921VP1,921VP1
925,925
927,927
928,928
929,929
930,930
931,931
932,932
933,933
933BI1,933BI1
933DV1,933DV1
934,934
934EX1,934EX1
936,936
937,937
938,938
939,939
939DV1,939DV1
940,940
941,941
942,942
943,943
944,944
945,945
947,947
948,948
949,949
949DV1,949DV1
950,950
951,951
952,952
953,953
953EX1,953EX1
954,954
955,955
956,956
957,957
958,958
959,959
961,961
962,962
963,963
964,964
965,965
968,968
969,969
970,970
9999,9999
